# Created by Octave 4.0.3, Mon Feb 05 22:03:58 2018 PST <coulterwoolf@Coulters-MBP>
# name: Distances
# type: matrix
# rows: 8
# columns: 8
 0 40 31.6227766016838 36.05551275463989 78.10249675906654 76.15773105863909 50 63.24555320336759
 40 0 42.42640687119285 67.0820393249937 60.82762530298219 70.71067811865476 41.23105625617661 28.2842712474619
 31.6227766016838 42.42640687119285 0 30 50 44.7213595499958 22.3606797749979 50.99019513592785
 36.05551275463989 67.0820393249937 30 0 76.15773105863909 64.03124237432849 50.99019513592785 80.62257748298549
 78.10249675906654 60.82762530298219 50 76.15773105863909 0 22.3606797749979 28.2842712474619 41.23105625617661
 76.15773105863909 70.71067811865476 44.7213595499958 64.03124237432849 22.3606797749979 0 30 58.309518948453
 50 41.23105625617661 22.3606797749979 50.99019513592785 28.2842712474619 30 0 36.05551275463989
 63.24555320336759 28.2842712474619 50.99019513592785 80.62257748298549 41.23105625617661 58.309518948453 36.05551275463989 0


