# Created by Octave 4.0.3, Mon Jan 22 23:05:44 2018 PST <coulterwoolf@RM82-Clark.local>
# name: A
# type: matrix
# rows: 30
# columns: 1
 81.41569332528431
 80.21188352780692
 78.3595813954494
 66.5768624806185
 57.48340488299411
 71.58602025283523
 68.53622392787015
 75.51889775210279
 83.72731599302551
 81.15507850317641
 64.31607556801414
 67.41960495924971
 80.53317671154309
 82.19019559071005
 73.14083116433562
 67.97718274149088
 70.78729830124885
 65.6488947085157
 71.07878286535714
 82.31964966203947
 80.59796099588414
 81.30216791978459
 63.45759132562304
 67.53672907650146
 75.52055417903975
 75.57199515571195
 71.71688498151737
 69.88921208947856
 56.33313431169509
 70.50723921070906


# name: Grades
# type: matrix
# rows: 30
# columns: 10
 80.81773553494563 64.67512585245898 68.7133209029595 53.32517436022376 87.41563349057603 63.47881411437805 87.40783674817322 92.37715996264458 125.5993858196167 97.21557509283352
 97.46013472231056 82.72516173152437 47.68380972261555 91.80156045293873 48.99306902722166 89.24412108856208 105.6018805985783 76.83370229781654 83.41705330436065 84.51386417300732
 84.34560212445 66.96668903280059 85.63746186988097 99.65874022782597 53.19983295691493 104.8769302271935 57.24387015913925 75.04952318870443 65.03840730457178 76.09786287568814
 46.53689476896609 72.34577792760415 45.85730073823927 70.96410580613147 93.61150944195784 52.07876516174223 86.49593275709498 92.86489004246499 95.47070385149432 58.7834030544067
 77.92284075160661 57.43612514595298 38.52370022844128 61.96715925352754 75.04080769400736 60.89901407559793 48.86284589979006 81.02981615181085 74.65946157067017 40.30733594786871
 91.71063325539411 68.89872847990617 111.6335754545481 84.91559690363522 94.0483474096207 55.23622007843747 17.43247174549719 49.22724049000868 116.2939568277432 47.17610656607431
 76.3675812815879 66.44162272286722 48.76649213284648 87.61219766054167 80.30906685036845 114.1305267028747 100.7274191096023 51.25515401709201 109.8934737758451 32.31869139053811
 87.55641732209475 44.4917462026005 69.38796211638922 106.5827326491065 55.79404839183998 76.62151717642443 52.81320369581465 79.43479043302946 107.4665429976127 77.95891403973766
 81.29389697515724 100.1197269943306 114.2327975242458 47.72152392140677 82.73026522330014 39.88183327983564 45.71698818869977 68.82542267959693 81.58604341873553 109.2915555473851
 63.81416675316409 61.53922995223459 86.99373156311151 129.5390006066076 20.96313963888428 56.81367978899185 70.10995654925487 80.12552810948024 28.1867955394774 121.0706786518655
 58.9409747397509 115.5390648287779 93.26256274125052 91.90970776529508 1.955207850287294 80.10713061900617 82.36908969298692 100.1404881127237 55.67607500820294 32.94131229152675
 64.52758089853471 28.27705505259779 112.3836485869726 56.36365082374631 67.93342769852705 105.6574305191177 88.10306874794684 66.78208407619239 83.1667198260977 48.010927875153
 117.6768574903271 60.06205652133521 130.871016555308 72.59633233574573 97.36261411537714 48.38923966845249 124.0111168597426 110.1041633419777 94.96029652141583 45.53434482692685
 47.17188092180527 104.2190137336405 55.87909669913853 100.7884752943306 113.6655446311501 63.63979173290041 51.99422534225214 79.57393319759858 52.16064921037073 97.8694996076097
 70.17667278330782 131.2318062780913 15.04865835487589 101.6625111537493 56.31893997307861 38.0436910672261 46.75404421786306 80.88168677383183 92.08955338060971 83.62535593874998
 4.752730536194832 48.62028497713457 33.47584203670157 95.05935076490474 64.66570575759323 62.93405536649747 80.77006455788414 13.10405109801231 118.5564336305121 105.6194333330712
 50.59284426649732 61.42786015110331 54.8490109127688 119.0941647905222 86.62958043513331 68.71810697787069 30.42661591568523 89.39447603351604 71.99405781342531 68.26153623891187
 75.92038712351565 47.12069321292106 64.59339695569518 75.0450293658475 101.79556750887 52.62286847347917 102.2685766243689 81.76432551890191 26.07174166423318 53.73547301643055
 48.97737023301735 71.95136014952244 73.77057879276788 77.87675637596374 88.3959537740263 79.1819087000885 33.25462815246753 67.21165087605885 33.21819799482149 81.51666484660451
 111.6151674206874 79.86285136215079 109.3915151102844 29.50862326200369 84.88026953431972 89.75889178276303 62.4627296971135 108.1661819113331 56.93246306925135 81.75939632373472
 61.6680308390871 84.05395674193403 73.41980272849476 82.32313019559582 65.18698572233501 123.8242127754314 60.95517745768682 115.4217191114639 63.50355042595675 78.22530698336382
 96.2722307192257 88.68534401121703 130.7979381946788 83.55613884227415 68.04530676761048 40.24917921653815 122.4637056979626 100.2368619055423 51.60022132990915 67.30605879183786
 48.36371572536299 50.25667114490894 55.4401162374842 89.5652973691541 83.00058080792891 53.65181970523778 64.23776811934016 57.19794936930491 50.70395763929331 67.29114988087373
 54.84683204729385 59.93603759055566 77.70873337325641 103.9923027289128 61.02403761550088 77.83798145791664 15.91216868765584 77.37420418543391 89.76815963927282 59.39763987815883
 95.20912158081431 60.16947935224983 117.1443729661401 40.75465082622088 50.95430608013351 109.3159455551797 70.76826687622406 63.7264041493009 78.19092664245923 70.12594663826681
 66.21807779172701 97.02326894862736 58.55463399219852 76.90057629098834 94.17015145817004 81.91241628860136 51.68078532701586 74.26614158231742 130.5956671320509 61.06781190644589
 73.68622732351733 34.20611552633508 74.04051043709288 71.30296655634339 51.91616548523687 75.78553260623936 91.74826147834509 113.0977572293418 20.42002388867112 89.43932423289189
 68.32562517479643 76.69200550657142 68.27945601782851 83.30755161872088 75.68668542213537 48.4386251969874 84.45318287280402 98.17592448023656 71.13170148412455 60.51270701566521
 83.92188376109013 86.88692430379362 73.30252773026375 8.205589526450183 59.30459280030877 53.92426485964051 56.27613445876774 32.56201352250336 83.61840845912195 44.62291276608298
 89.31360235772415 97.40449240029909 71.65017799399298 68.51650407060237 7.691563430761434 89.46105453436135 83.48458444281556 81.29335824894393 83.62905765180361 62.73259885902706


# name: ans
# type: scalar
65.27344638889087


# name: m
# type: scalar
72.74720411865377


# name: s
# type: scalar
7.473757729762888


# name: w
# type: matrix
# rows: 10
# columns: 1
 0.1
 0.1
 0.1
 0.1
 0.1
 0.1
 0.05
 0.05
 0.05
 0.25


