# Created by Octave 4.0.3, Wed Jan 31 18:16:26 2018 PST <coulterwoolf@Coulters-MacBook-Pro.local>
# name: M
# type: matrix
# rows: 0
# columns: 0


# name: Price
# type: matrix
# rows: 10
# columns: 13
 9.818448988183352 9.905332858475745 7.748248524328401 7.839970742227317 10.72833913157733 10.49475789869887 13.18785723707147 14.12713344113255 13.48614929655738 17.73166571938238 14.74911323219826 17.85855362613676 21.86908935619467
 8.973368447913597 11.45815134202576 8.6565354183483 11.31782544827897 14.79564462018339 11.23804983652227 19.45859259073962 17.18619687375617 15.14441105398327 21.13545066043058 19.97988527033357 19.6960032759592 23.77937584162727
 22.63686862547359 23.64084858209016 26.68133671279022 21.3928779934766 34.86808131436911 29.47897414017653 29.884375484065 48.39841030011871 34.15840558666595 58.69683059201958 47.77159495789579 55.93718859142461 67.32169733024409
 6.064799707381848 5.7271624862971 7.455277175777292 8.535930611761913 7.607828369461325 8.757909179269376 10.38507850160824 9.194405776260503 8.323739308249364 13.25074490621368 9.1781806178639 13.8223457468181 10.56169265192776
 22.16141324401841 14.75391134145651 19.0791005792366 19.21821072333816 16.76148012413956 22.10107539198866 20.74678814137574 18.29102424491035 28.68890675362841 28.51933858584693 25.2054800437615 28.94434912826175 24.9335198835857
 10.15846284054792 10.11905269256143 11.71603074874712 9.296696176451352 14.55395589388862 16.05999481202367 12.38181117941326 12.85777076370879 14.32069685523553 22.83767914423196 25.69330778162679 29.05937905434514 27.49631278702685
 6.183907012582663 5.011505836523307 6.147683328051073 6.728782616910157 5.430437772731704 7.070580869338463 6.177428388770471 5.579373982797835 6.516881867109909 7.743100065957861 8.818116278165199 10.839133217391 10.88753931691125
 10.22079174264109 13.38268352212368 13.358648592529 17.74678587855509 17.39165005190314 15.13531187264546 18.19114930151192 19.36661232027864 21.06828050802433 21.03253538646044 24.57805332638418 26.81238188292027 38.33216936922119
 23.13777959715548 18.06941687913328 24.35992937041848 16.79230395310544 19.60434643611149 27.00068899882894 27.26602704367048 21.79214261946332 20.12522151306006 27.28795129210072 24.30153819761951 31.79172054868459 20.96449423873631
 15.79156721503603 15.56903192802137 17.25349284540922 14.40995982261987 14.27047001319202 14.79609605386699 15.1422478219583 12.10351579965558 17.7384419506125 16.14266712963033 20.78216805198506 20.7020688082269 19.06299608775353


# name: R
# type: matrix
# rows: 0
# columns: 0


# name: a
# type: matrix
# rows: 0
# columns: 0


# name: ans
# type: matrix
# rows: 0
# columns: 0


# name: b
# type: matrix
# rows: 0
# columns: 0


# name: c
# type: matrix
# rows: 0
# columns: 0


# name: d
# type: matrix
# rows: 0
# columns: 0


# name: i
# type: matrix
# rows: 0
# columns: 0


# name: n
# type: matrix
# rows: 0
# columns: 0


# name: total
# type: matrix
# rows: 0
# columns: 0


# name: x
# type: matrix
# rows: 0
# columns: 0


